1.0373295362648767
-0.5906028899625907
-0.026333141259090465
0.16424817526106716
-0.0815287781255208
1.7844884021400964
-1.865587526704943
-0.8617036329341895
-0.2816047233560703
0.4995329749584788
-0.13242995379496944
-0.9438655870031786
-0.6358832186720049
-0.6797961319423508
0.3050487327168132
-0.5297691248164187
-2.7725343049996956
0.21598719278983392
0.4656335927792846
0.09573090464995665
-1.5897201406651058
-1.0716731033485742
-0.3277751696152547
0.2283619593665697
-1.1341905633559313
0.3669888845308811
-0.16867862403410572
1.5522398550099472
-0.4722293345740443
0.13751574288665636
-0.1756574660898842
0.4810292542188529
0.042131459515078365
-1.3190670931897341
0.530906129355962
1.5940418396024056
0.897564152113883
-0.574347712382551
-2.23666547417177
-0.33356855960284904
0.22413121762615035
0.22234603287793883
0.14963076033125994
0.34048203731135274
1.2905241769085605
1.8009468681059893
-0.0630311260300669
0.5608770780001037
0.45613997398296613
1.6919007098246712
-0.870856098560632
-0.17216735769142835
-0.9818033595012507
-0.07069827862884451
-1.13828578154219
1.2062260457419836
-1.148770291897739
2.0066386157181055
-1.4914517521643678
0.6416235724306327
1.430551115104926
0.7458742238837607
0.22347935721343626
0.23357302538871885
-0.2507014840685594
0.1635770264394142
0.8103349494118693
1.0204398935429373
-1.7124978638090587
-1.5932740401169185
0.5531845552381264
0.6547976496655967
-0.46970729031497405
-0.5684468655943984
-2.5696160304980067
0.4006015094727213
0.48946788460165147
-0.08045794001962504
0.0765893686333072
0.49841076107241833
-1.7538772429394478
-1.2220781374667196
-0.37932753055359775
1.4375349228388077
-1.160049978902099
-0.5047584893902289
-0.12992054002954023
-0.7393830752664519
-0.7329168393762225
-0.9247267647741182
0.8442113121717981
0.9729010658596936
0.03716431725018123
0.5999135709183373
0.15451359737096917
1.3171555140413436
-0.3034307419043874
-0.39824162210886294
2.5348247955025887
0.11966019382005168
