-0.9058946408710111
-0.307062768502264
0.24143490931285927
-1.7119885954501965
-0.6134587331613055
-0.39890175602293954
0.90055996663599
3.1191167178751
-0.4353378499350832
1.3713983638936051
1.945697544775811
-0.6042530395986638
-0.09884865558996914
2.0908534083758683
0.04815753197498529
1.7886128363585951
-1.3497761921325937
1.1541574493356312
1.9025964523777892
0.2571166182080738
-1.0850989439423733
1.4094805170755162
1.9382182816176243
1.1097108526983401
0.5782305032801571
-0.3966480919854454
0.8573847142914885
-0.27792952766860424
-0.627672900319151
1.6188790207464154
0.846984267039837
-1.351989676271944
0.3833713940270033
1.433687186371361
0.1870162583947106
-0.7192182721192126
0.44642633959144246
0.5656152218745055
-0.6455593099498171
0.21452037362122467
-1.1947502487387893
0.40279679928971246
1.4370471720502538
-0.02505283196521646
0.6601690316775372
0.8109125755875208
1.7128622464108045
-0.02783168687459492
0.6928187675051496
0.6231405969554656
0.48756081082667546
1.5370591650068735
0.7382738361147465
0.31657428379889363
-0.9528401544076204
-0.7643665643975415
-1.3307684490834557
0.9451597567314393
0.2350789723157194
-0.42826255159420656
0.879836760175568
1.2216038519301335
-0.8727041449202639
-0.1783213249697161
-0.2913577288813054
-1.1906534871390135
0.20278275575332866
1.42489484593448
0.34927416519286514
0.9903383899273044
1.487386686774355
0.4172036549465641
1.3144977650012557
0.35859237729284577
1.90916898438388
0.06425561054247841
-0.5712860247383256
0.5829945750123537
0.29862235506018
-0.22553717454957156
0.8558765664698416
-0.2193020813620612
1.2505913211499826
0.29122237223282227
-0.2741229317894549
0.9230322213242652
0.5299029393870226
1.0543064115618268
0.47776957912512613
-1.0307418903434489
0.33001649640965147
1.3078032244143414
-0.4327246516113583
1.838653372638381
-0.20156777794080571
0.548463684441346
1.4894666925609956
1.3205629873766358
-0.05942884462731057
1.536148911485593
