1.2997829082506787
1.108704952534229
1.5650137157707753
0.24828611457696292
0.7128000673585884
1.8918076998394362
-1.4839782892132987
-0.19535512713852032
1.3630223857495085
0.7589849378110055
2.572797607163653
1.229992508958611
0.6158281427040042
-0.3543386970813758
0.408236463022547
0.35965488500101683
1.850796154219174
0.7229100619692848
1.203789839270093
0.7369248994990327
0.8904455222618748
-0.39163505393864084
1.268412014699679
1.1981000821151877
0.7853422528404421
0.68460323103292
1.8257272242647216
-0.3178488780376836
0.8660383723835059
0.2349433793042861
1.2831074877182178
0.12584541164204266
0.79457777492348
2.68733293072147
1.8211362014632795
1.4697394017604748
1.0670210991371423
0.4975924040926907
1.2177591993736245
0.44966236130987824
0.2689097215365335
-0.18574852921225804
-0.9281234531109139
2.8114205062382753
2.1401700862759814
1.6499499777528777
0.6308133800486291
0.13141796809109518
-0.6661879008929259
2.239653931966264
1.3871988115720773
-1.4408266120443267
0.8928509666883728
1.04164260575962
2.258711302932934
2.605667411048322
-0.8457149121753678
1.764951410585224
1.9006692419776827
0.9817912602856405
0.154470491149012
-1.0734070591020015
0.25376206838469173
-0.04840320278739574
-0.6069713753903825
1.5855378045500692
1.573797133108753
0.5496802100227073
1.3722550051832596
-1.361870802022222
2.186525952039304
1.3319743873797714
0.19745432306666422
1.869233999273026
-0.3551660226526725
1.2498048020672605
1.4292311847356776
0.2229106255054828
-0.3822974319463954
0.07575605135553098
0.5308231101134264
0.4232711232697042
1.858609228854041
1.3348353303234137
0.43062002368422747
2.0208923637732665
-0.21270702961096455
0.5362724021388839
0.36910266189791263
0.2666417368439
1.297907626010375
0.49255341996058244
1.5787243396603863
1.9130566303322964
-0.7705489262815506
1.6296424988934293
1.0635020167214135
0.9770309689783037
0.38918190697006916
1.0208402830837646
