-0.33286208689031194
-1.8323919073749413
-1.4334319045242534
-0.03781543510317087
0.8050858344051839
-0.7762649550831745
-0.8230279867404539
-2.0661071366304116
-1.070469904597701
-0.8700974170470537
0.8003434839434167
-1.7535777124643679
-1.6252080461879626
-0.375166829594635
-0.9541901160952853
-1.6538977649464992
-1.7378112482813546
1.5207824284859885
-1.659259028728422
-0.47640745328475687
-1.4778379769371608
-0.9163435549758848
0.42809954599210975
-0.7960413193679299
-1.0803987388422502
0.07986506099367952
-2.316940667161016
-0.1729377103319676
-0.040371196226730466
-2.0073545510685076
-1.6537649415025628
-1.1368155440004917
-0.23473504102640197
-2.2038558932922
-0.15928274650753438
-1.7522177321014696
0.6651310805722048
-1.0023901356025045
-1.1097878218233463
-0.40275064258980675
-0.562099389714898
-1.3732285137415565
-2.9243109727637604
-1.229671881607358
-1.631873384495032
-0.039543163724328756
-0.3600116230056216
-0.8441693430661206
0.8755236531561665
-0.3390172004048625
-0.2727999867812607
-3.694432464907381
-1.9932043991719932
0.27543523398906267
0.013888174828053934
-0.6455359139191842
-2.3591662309481842
-1.725577638031922
-1.5097255349515608
-0.009837412501353615
-1.1126363659961993
-1.3771157382993935
-1.6329714924633323
0.09412989050196385
-0.6011426747826398
0.22993875090526772
-0.9170787011762126
-0.1513701062513162
-2.953457311182559
-1.102274742401502
-0.434568540695902
-1.1596729518291893
-1.2061627965231752
-0.004185979904896886
-0.6700638326168298
-1.303381251320037
-0.8023381377305427
-2.5930078781804227
0.5925060167006624
-1.2988151692835932
-1.2554210490707918
-1.4950484503767298
-1.2900277974130545
-1.2057056435634865
-2.016894861591683
0.2368515207019013
-0.6900561350963847
-1.3624512993639324
-1.4196265674795017
-0.35127984116314914
-0.5888282140697989
-1.0371184468393764
-1.4833010432949596
0.25626243788072545
-1.8037760768268396
-3.252559461055965
0.8508207080793102
1.0121983836561825
-0.6533029904706606
-0.5919537836322801
