-1.9721524066983087
-0.764660256221912
0.46081763639842865
0.14099470215021825
-2.355932037536107
0.06489583460621651
0.5813599378463834
1.103504082063317
-1.6624475725476124
-0.4967167886628089
-1.6374464235486437
0.8679645784366263
-0.07380906007316029
-0.5207614373272272
-2.364616965474892
-0.6819301839692453
-0.9325239120646932
-0.47099785662658483
2.03279660463785
0.4961480991435706
0.8186863484970492
-1.1193499194295962
-1.5913670839087488
-1.4365418018504563
0.4172399945503409
-1.9900750304109522
-0.6698832622821242
-0.6131299248937486
-0.009520443210970508
-1.510533947314595
0.9422348458931444
-2.152661362839617
0.39018810549324057
-0.32425993560704625
0.7512335213631471
-1.7460620376014697
0.5099417161136899
1.5179571569514554
-2.9871780438007427
1.5768813646249336
-1.0796171735881661
-1.3104706704272786
-1.4149746013269435
-0.14351868243323002
-0.9547621741127212
1.1574143370327414
-0.281791443257001
-0.3730292822947335
0.7199328965704608
-2.660692594522935
0.15532308021770125
0.9387975054014279
-0.05342933952598017
-1.4657228539869034
-0.7824168424611104
0.006477654200071847
-1.813632563653911
1.7416891780012862
-2.3987134193451194
-2.3420962706910795
0.7518110125059121
-0.2576181804328449
-0.8614447278836836
0.06238920154426364
0.21803696112708382
0.49780740089450815
0.40621987217016076
0.2670610335581117
0.49790652412117953
0.7305550932340654
-0.39923292544048467
-1.1109592651464035
-0.7755760284074324
0.0341110919078772
-0.827294536599477
-0.17736632486443954
0.5168646618054993
-2.2805066586498386
0.5155454260427621
-0.8248782377224588
0.8330900900647951
-0.9283460067719259
-0.40663991236515323
-1.305198549187483
-2.4597872435140644
-1.7398003752665356
-0.7743261984997811
1.063852385637762
-0.036723152694483674
-0.20623141575821824
0.21719501988981282
-0.010937175462858661
-2.0035812950186545
-2.5927576100939356
-2.3338824322602068
0.025813347977920675
-1.9252066802084993
-1.1118375310520043
0.00728881952700744
0.09135832176428804
